当前是gripper
[1721453945.8287477] [0, 0, 0, 0, 0, 0, 0, 70, 20, 20, 20, 20]
[1721453945.8460774] [0, 0, 0, 0, 0, 0, 0, 70, 20, 20, 20, 20]
[1721453945.8622622] [0, 0, 0, 0, 0, 0, 0, 70, 20, 20, 20, 20]
[1721453945.8795753] [0, 0, 0, 0, 0, 0, 0, 70, 20, 20, 20, 20]
[1721453945.8951793] [0, 0, 0, 0, 0, 0, 0, 70, 20, 20, 20, 20]
[1721453945.912344] [0, 0, 0, 0, 0, 0, 0, 70, 20, 20, 20, 20]
[1721453945.9280922] [0, 0, 0, 0, 0, 0, 0, 70, 20, 20, 20, 20]
[1721453945.9450524] [0, 0, 0, 0, 0, 0, 0, 70, 20, 20, 20, 20]
[1721453945.9622986] [0, 0, 0, 0, 0, 0, 0, 70, 20, 20, 20, 20]
[1721453945.9790313] [0, 0, 0, 0, 0, 0, 0, 70, 20, 20, 20, 20]
[1721453945.9947255] [0, 0, 0, 0, 0, 0, 0, 70, 20, 20, 20, 20]
[1721453946.0120676] [0, 0, 0, 0, 0, 0, 0, 70, 20, 20, 20, 20]
[1721453946.0290403] [0, 0, 0, 0, 0, 0, 0, 70, 20, 20, 20, 20]
[1721453946.0450292] [0, 0, 0, 0, 0, 0, 0, 70, 20, 20, 20, 20]
[1721453946.0620747] [0, 0, 0, 0, 0, 0, 0, 70, 20, 20, 20, 20]
[1721453946.0790365] [0, 0, 0, 0, 0, 0, 0, 70, 20, 20, 20, 20]
[1721453946.095086] [0, 0, 0, 0, 0, 0, 0, 70, 20, 20, 20, 20]
[1721453946.1120334] [0, 0, 0, 0, 0, 0, 0, 70, 20, 20, 20, 20]
[1721453946.1281164] [0, 0, 0, 0, 0, 0, 0, 70, 20, 20, 20, 20]
[1721453946.1450493] [0, 0, 0, 0, 0, 0, 0, 70, 20, 20, 20, 20]
[1721453946.162192] [0, 0, 0, 0, 0, 0, 0, 70, 20, 20, 20, 20]
[1721453946.1791253] [0, 0, 0, 0, 0, 0, 0, 70, 20, 20, 20, 20]
[1721453946.1950328] [0, 0, 0, 0, 0, 0, 0, 70, 20, 20, 20, 20]
[1721453946.2120607] [0, 0, 0, 0, 0, 0, 0, 70, 20, 20, 20, 20]
[1721453946.227998] [0, 0, 0, 0, 0, 0, 0, 70, 20, 20, 20, 20]
[1721453946.2450507] [0, 0, 0, 0, 0, 0, 0, 70, 20, 20, 20, 20]
[1721453946.2620552] [0, 0, 0, 0, 0, 0, 0, 70, 20, 20, 20, 20]
[1721453946.2784162] [0, 0, 0, 0, 0, 0, 0, 70, 20, 20, 20, 20]
[1721453946.2950077] [0, 0, 0, 0, 0, 0, 0, 70, 20, 20, 20, 20]
[1721453946.3120415] [0, 0, 0, 0, 0, 0, 0, 70, 20, 20, 20, 20]
[1721453946.3284276] [0, 0, 0, 0, 0, 0, 0, 70, 20, 20, 20, 20]
[1721453946.3450983] [0, 0, 0, 0, 0, 0, 0, 70, 20, 20, 20, 20]
[1721453946.3623893] [0, 0, 0, 0, 0, 0, 0, 70, 20, 20, 20, 20]
[1721453946.378046] [0, 0, 0, 0, 0, 0, 0, 70, 20, 20, 20, 20]
[1721453946.3950584] [0, 0, 0, 0, 0, 0, 0, 70, 20, 20, 20, 20]
[1721453946.4108768] [0, 0, 0, 0, 0, 0, 0, 70, 20, 20, 20, 20]
[1721453946.4280314] [0, 0, 0, 0, 0, 0, 0, 70, 20, 20, 20, 20]
[1721453946.4451032] [0, 0, 0, 0, 0, 0, 0, 70, 20, 20, 20, 20]
[1721453946.462063] [0, 0, 0, 0, 0, 0, 0, 70, 20, 20, 20, 20]
[1721453946.4780445] [0, 0, 0, 0, 0, 0, 0, 70, 20, 20, 20, 20]
[1721453946.495039] [0, 0, 0, 0, 0, 0, 0, 70, 20, 20, 20, 20]
[1721453946.512061] [0, 0, 0, 0, 0, 0, 0, 70, 20, 20, 20, 20]
[1721453946.5280561] [0, 0, 0, 0, 0, 0, 0, 70, 20, 20, 20, 20]
[1721453946.5450585] [0, 0, 0, 0, 0, 0, 0, 70, 20, 20, 20, 20]
[1721453946.5620487] [0, 0, 0, 0, 0, 0, 0, 70, 20, 20, 20, 20]
[1721453946.579115] [0, 0, 0, 0, 0, 0, 0, 70, 20, 20, 20, 20]
[1721453946.5950716] [0, 0, 0, 0, 0, 0, 0, 70, 20, 20, 20, 20]
[1721453946.6120424] [0, 0, 0, 0, 0, 0, 0, 70, 20, 20, 20, 20]
[1721453946.628045] [0, 0, 0, 0, 0, 0, 0, 70, 20, 20, 20, 20]
[1721453946.6450803] [0, 0, 0, 0, 0, 0, 0, 70, 20, 20, 20, 20]
[1721453946.6624367] [0, 0, 0, 0, 0, 0, 0, 70, 20, 20, 20, 20]
[1721453946.679083] [0, 0, 0, 0, 0, 0, 0, 70, 20, 20, 20, 20]
[1721453946.6950212] [0, 0, 0, 0, 0, 0, 0, 70, 20, 20, 20, 20]
[1721453946.7120602] [0, 0, 0, 0, 0, 0, 0, 70, 20, 20, 20, 20]
[1721453946.72811] [0, 0, 0, 0, 0, 0, 0, 70, 20, 20, 20, 20]
[1721453946.7450988] [0, 0, 0, 0, 0, 0, 0, 70, 20, 20, 20, 20]
[1721453946.7620873] [0, 0, 0, 0, 0, 0, 0, 70, 20, 20, 20, 20]
[1721453946.7790666] [0, 0, 0, 0, 0, 0, 0, 70, 20, 20, 20, 20]
[1721453946.7950854] [0, 0, 0, 0, 0, 0, 0, 70, 20, 20, 20, 20]
[1721453946.8121114] [0, 0, 0, 0, 0, 0, 0, 70, 20, 20, 20, 20]
[1721453946.8284137] [0, 0, 0, 0, 0, 0, 0, 70, 20, 20, 20, 20]
[1721453946.8454218] [0, 0, 0, 0, 0, 0, 0, 70, 20, 20, 20, 20]
[1721453946.8624249] [0, 0, 0, 0, 0, 0, 0, 70, 20, 20, 20, 20]
[1721453946.8784382] [0, 0, 0, 0, 0, 0, 0, 70, 20, 20, 20, 20]
[1721453946.895033] [0, 0, 0, 0, 0, 0, 0, 70, 20, 20, 20, 20]
[1721453946.9120858] [0, 0, 0, 0, 0, 0, 0, 70, 20, 20, 20, 20]
[1721453946.929346] [0, 0, 0, 0, 0, 0, 0, 70, 20, 20, 20, 20]
[1721453946.9454973] [0, 0, 0, 0, 0, 0, 0, 70, 20, 20, 20, 20]
[1721453946.9620936] [0, 0, 0, 0, 0, 0, 0, 70, 20, 20, 20, 20]
[1721453946.9790838] [0, 0, 0, 0, 0, 0, 0, 70, 20, 20, 20, 20]
[1721453946.995067] [0, 0, 0, 0, 0, 0, 0, 70, 20, 20, 20, 20]
[1721453947.0121677] [0, 0, 0, 0, 0, 0, 0, 70, 20, 20, 20, 20]
[1721453947.029116] [0, 0, 0, 0, 0, 0, 0, 70, 20, 20, 20, 20]
[1721453947.0450728] [0, 0, 0, 0, 0, 0, 0, 70, 20, 20, 20, 20]
[1721453947.0620914] [0, 0, 0, 0, 0, 0, 0, 70, 20, 20, 20, 20]
[1721453947.0791469] [0, 0, 0, 0, 0, 0, 0, 70, 20, 20, 20, 20]
[1721453947.0951524] [0, 0, 0, 0, 0, 0, 0, 70, 20, 20, 20, 20]
[1721453947.1121278] [0, 0, 0, 0, 0, 0, 0, 70, 20, 20, 20, 20]
[1721453947.1281219] [0, 0, 0, 0, 0, 0, 0, 70, 20, 20, 20, 20]
[1721453947.1450915] [0, 0, 0, 0, 0, 0, 0, 70, 20, 20, 20, 20]
[1721453947.162451] [0, 0, 0, 0, 0, 0, 0, 70, 20, 20, 20, 20]
[1721453947.1790428] [0, 0, 0, 0, 0, 0, 0, 70, 20, 20, 20, 20]
[1721453947.1950817] [0, 0, 0, 0, 0, 0, 0, 70, 20, 20, 20, 20]
[1721453947.2121012] [0, 0, 0, 0, 0, 0, 0, 70, 20, 20, 20, 20]
[1721453947.2290232] [0, 0, 0, 0, 0, 0, 0, 70, 20, 20, 20, 20]
[1721453947.2450116] [0, 0, 0, 0, 0, 0, 0, 70, 20, 20, 20, 20]
[1721453947.2620752] [0, 0, 0, 0, 0, 0, 0, 70, 20, 20, 20, 20]
[1721453947.2790415] [0, 0, 0, 0, 0, 0, 0, 70, 20, 20, 20, 20]
[1721453947.2954056] [0, 0, 0, 0, 0, 0, 0, 70, 20, 20, 20, 20]
[1721453947.3120537] [0, 0, 0, 0, 0, 0, 0, 70, 20, 20, 20, 20]
[1721453947.3281121] [0, 0, 0, 0, 0, 0, 0, 70, 20, 20, 20, 20]
[1721453947.345192] [0, 0, 0, 0, 0, 0, 0, 70, 20, 20, 20, 20]
[1721453947.3617363] [0, 0, 0, 0, 0, 0, 0, 70, 20, 20, 20, 20]
[1721453947.3793983] [0, 0, 0, 0, 0, 0, 0, 70, 20, 20, 20, 20]
[1721453947.395142] [0, 0, 0, 0, 0, 0, 0, 70, 20, 20, 20, 20]
[1721453947.4121022] [0, 0, 0, 0, 0, 0, 0, 70, 20, 20, 20, 20]
[1721453947.427803] [0, 0, 0, 0, 0, 0, 0, 70, 20, 20, 20, 20]
[1721453947.4450543] [0, 0, 0, 0, 0, 0, 0, 70, 20, 20, 20, 20]
[1721453947.4620512] [0, 0, 0, 0, 0, 0, 0, 70, 20, 20, 20, 20]
[1721453947.4790533] [0, 0, 0, 0, 0, 0, 0, 70, 20, 20, 20, 20]
[1721453947.495212] [0, 0, 0, 0, 0, 0, 0, 70, 20, 20, 20, 20]
[1721453947.5121813] [0, 0, 0, 0, 0, 0, 0, 70, 20, 20, 20, 20]
[1721453947.5281813] [0, 0, 0, 0, 0, 0, 0, 70, 20, 20, 20, 20]
[1721453947.5451264] [0, 0, 0, 0, 0, 0, 0, 70, 20, 20, 20, 20]
[1721453947.5621204] [0, 0, 0, 0, 0, 0, 0, 70, 20, 20, 20, 20]
[1721453947.5781455] [0, 0, 0, 0, 0, 0, 0, 70, 20, 20, 20, 20]
[1721453947.5950825] [0, 0, 0, 0, 0, 0, 0, 70, 20, 20, 20, 20]
[1721453947.6120613] [0, 0, 0, 0, 0, 0, 0, 70, 20, 20, 20, 20]
[1721453947.6281295] [0, 0, 0, 0, 0, 0, 0, 70, 20, 20, 20, 20]
[1721453947.6451263] [0, 0, 0, 0, 0, 0, 0, 70, 20, 20, 20, 20]
[1721453947.6620934] [0, 0, 0, 0, 0, 0, 0, 70, 20, 20, 20, 20]
[1721453947.6791716] [0, 0, 0, 0, 0, 0, 0, 70, 20, 20, 20, 20]
[1721453947.6951485] [0, 0, 0, 0, 0, 0, 0, 70, 20, 20, 20, 20]
[1721453947.7126794] [0, 0, 0, 0, 0, 0, 0, 70, 20, 20, 20, 20]
[1721453947.7292879] [0, 0, 0, 0, 0, 0, 0, 70, 20, 20, 20, 20]
[1721453947.7452228] [0, 0, 0, 0, 0, 0, 0, 70, 20, 20, 20, 20]
[1721453947.7613053] [0, 0, 0, 0, 0, 0, 0, 70, 20, 20, 20, 20]
[1721453947.7782078] [0, 0, 0, 0, 0, 0, 0, 70, 20, 20, 20, 20]
[1721453947.7951624] [0, 0, 0, 0, 0, 0, 0, 70, 20, 20, 20, 20]
[1721453947.8123221] [0, 0, 0, 0, 0, 0, 0, 70, 20, 20, 20, 20]
[1721453947.8283193] [0, 0, 0, 0, 0, 0, 0, 70, 20, 20, 20, 20]
[1721453947.845314] [0, 0, 0, 0, 0, 0, 0, 70, 20, 20, 20, 20]
[1721453947.8621156] [0, 0, 0, 0, 0, 0, 0, 70, 20, 20, 20, 20]
[1721453947.8791206] [0, 0, 0, 0, 0, 0, 0, 70, 20, 20, 20, 20]
[1721453947.8950377] [0, 0, 0, 0, 0, 0, 0, 70, 20, 20, 20, 20]
[1721453947.9120576] [0, 0, 0, 0, 0, 0, 0, 70, 20, 20, 20, 20]
[1721453947.928173] [0, 0, 0, 0, 0, 0, 0, 70, 20, 20, 20, 20]
[1721453947.9451573] [0, 0, 0, 0, 0, 0, 0, 70, 20, 20, 20, 20]
[1721453947.962101] [0, 0, 0, 0, 0, 0, 0, 70, 20, 20, 20, 20]
[1721453947.9791095] [0, 0, 0, 0, 0, 0, 0, 70, 20, 20, 20, 20]
[1721453947.9950619] [0, 0, 0, 0, 0, 0, 0, 70, 20, 20, 20, 20]
[1721453948.012098] [0, 0, 0, 0, 0, 0, 0, 70, 20, 20, 20, 20]
[1721453948.0290926] [0, 0, 0, 0, 0, 0, 0, 70, 20, 20, 20, 20]
[1721453948.0450976] [0, 0, 0, 0, 0, 0, 0, 70, 20, 20, 20, 20]
[1721453948.062175] [0, 0, 0, 0, 0, 0, 0, 70, 20, 20, 20, 20]
[1721453948.0790958] [0, 0, 0, 0, 0, 0, 0, 70, 20, 20, 20, 20]
[1721453948.0952766] [0, 0, 0, 0, 0, 0, 0, 70, 20, 20, 20, 20]
[1721453948.112153] [0, 0, 0, 0, 0, 0, 0, 70, 20, 20, 20, 20]
[1721453948.1278486] [0, 0, 0, 0, 0, 0, 0, 70, 20, 20, 20, 20]
[1721453948.1451268] [0, 0, 0, 0, 0, 0, 0, 70, 20, 20, 20, 20]
[1721453948.162146] [0, 0, 0, 0, 0, 0, 0, 70, 20, 20, 20, 20]
[1721453948.178402] [0, 0, 0, 0, 0, 0, 0, 70, 20, 20, 20, 20]
[1721453948.1952913] [0, 0, 0, 0, 0, 0, 0, 70, 20, 20, 20, 20]
[1721453948.2121603] [0, 0, 0, 0, 0, 0, 0, 70, 20, 20, 20, 20]
[1721453948.2285542] [0, 0, 0, 0, 0, 0, 0, 70, 20, 20, 20, 20]
[1721453948.2450857] [0, 0, 0, 0, 0, 0, 0, 70, 20, 20, 20, 20]
[1721453948.2621512] [0, 0, 0, 0, 0, 0, 0, 70, 20, 20, 20, 20]
[1721453948.2781184] [0, 0, 0, 0, 0, 0, 0, 70, 20, 20, 20, 20]
[1721453948.2952292] [0, 0, 0, 0, 0, 0, 0, 70, 20, 20, 20, 20]
[1721453948.3121374] [0, 0, 0, 0, 0, 0, 0, 70, 20, 20, 20, 20]
[1721453948.3291755] [0, 0, 0, 0, 0, 0, 0, 70, 20, 20, 20, 20]
[1721453948.345143] [0, 0, 0, 0, 0, 0, 0, 70, 20, 20, 20, 20]
[1721453948.362138] [0, 0, 0, 0, 0, 0, 0, 70, 20, 20, 20, 20]
[1721453948.3781307] [0, 0, 0, 0, 0, 0, 0, 70, 20, 20, 20, 20]
[1721453948.395135] [0, 0, 0, 0, 0, 0, 0, 70, 20, 20, 20, 20]
[1721453948.4121423] [0, 0, 0, 0, 0, 0, 0, 70, 20, 20, 20, 20]
[1721453948.4291613] [0, 0, 0, 0, 0, 0, 0, 70, 20, 20, 20, 20]
[1721453948.4454715] [0, 0, 0, 0, 0, 0, 0, 70, 20, 20, 20, 20]
[1721453948.4622905] [0, 0, 0, 0, 0, 0, 0, 70, 20, 20, 20, 20]
[1721453948.478148] [0, 0, 0, 0, 0, 0, 0, 70, 20, 20, 20, 20]
[1721453948.4954932] [0, 0, 0, 0, 0, 0, 0, 70, 20, 20, 20, 20]
[1721453948.5121226] [0, 0, 0, 0, 0, 0, 0, 70, 20, 20, 20, 20]
[1721453948.5284736] [0, 0, 0, 0, 0, 0, 0, 70, 20, 20, 20, 20]
[1721453948.5448909] [0, 0, 0, 0, 0, 0, 0, 70, 20, 20, 20, 20]
[1721453948.5621445] [0, 0, 0, 0, 0, 0, 0, 70, 20, 20, 20, 20]
[1721453948.5779552] [0, 0, 0, 0, 0, 0, 0, 70, 20, 20, 20, 20]
[1721453948.5951614] [0, 0, 0, 0, 0, 0, 0, 70, 20, 20, 20, 20]
[1721453948.6124783] [0, 0, 0, 0, 0, 0, 0, 70, 20, 20, 20, 20]
[1721453948.627866] [0, 0, 0, 0, 0, 0, 0, 70, 20, 20, 20, 20]
[1721453948.6451128] [0, 0, 0, 0, 0, 0, 0, 70, 20, 20, 20, 20]
[1721453948.6621106] [0, 0, 0, 0, 0, 0, 0, 70, 20, 20, 20, 20]
[1721453948.6785305] [0, 0, 0, 0, 0, 0, 0, 70, 20, 20, 20, 20]
[1721453948.6951709] [0, 0, 0, 0, 0, 0, 0, 70, 20, 20, 20, 20]
[1721453948.7120962] [0, 0, 0, 0, 0, 0, 0, 70, 20, 20, 20, 20]
[1721453948.729159] [0, 0, 0, 0, 0, 0, 0, 70, 20, 20, 20, 20]
[1721453948.745102] [0, 0, 0, 0, 0, 0, 0, 70, 20, 20, 20, 20]
[1721453948.7621167] [0, 0, 0, 0, 0, 0, 0, 70, 20, 20, 20, 20]
[1721453948.778239] [0, 0, 0, 0, 0, 0, 0, 70, 20, 20, 20, 20]
[1721453948.7950914] [0, 0, 0, 0, 0, 0, 0, 70, 20, 20, 20, 20]
[1721453948.8121326] [0, 0, 0, 0, 0, 0, 0, 70, 20, 20, 20, 20]
[1721453948.8281543] [0, 0, 0, 0, 0, 0, 0, 70, 20, 20, 20, 20]
[1721453948.8450868] [0, 0, 0, 0, 0, 0, 0, 70, 20, 20, 20, 20]
[1721453948.8621674] [0, 0, 0, 0, 0, 0, 0, 70, 20, 20, 20, 20]
[1721453948.8781471] [0, 0, 0, 0, 0, 0, 0, 70, 20, 20, 20, 20]
[1721453948.895126] [0, 0, 0, 0, 0, 0, 0, 70, 20, 20, 20, 20]
[1721453948.9121306] [0, 0, 0, 0, 0, 0, 0, 70, 20, 20, 20, 20]
[1721453948.9291945] [0, 0, 0, 0, 0, 0, 0, 70, 20, 20, 20, 20]
[1721453948.9452016] [0, 0, 0, 0, 0, 0, 0, 70, 20, 20, 20, 20]
[1721453948.962196] [0, 0, 0, 0, 0, 0, 0, 70, 20, 20, 20, 20]
[1721453948.979129] [0, 0, 0, 0, 0, 0, 0, 70, 20, 20, 20, 20]
[1721453948.9951494] [0, 0, 0, 0, 0, 0, 0, 70, 20, 20, 20, 20]
[1721453949.0121508] [0, 0, 0, 0, 0, 0, 0, 70, 20, 20, 20, 20]
[1721453949.029141] [0, 0, 0, 0, 0, 0, 0, 70, 20, 20, 20, 20]
[1721453949.0450873] [0, 0, 0, 0, 0, 0, 0, 70, 20, 20, 20, 20]
[1721453949.0621848] [0, 0, 0, 0, 0, 0, 0, 70, 20, 20, 20, 20]
[1721453949.0791616] [0, 0, 0, 0, 0, 0, 0, 70, 20, 20, 20, 20]
[1721453949.095149] [0, 0, 0, 0, 0, 0, 0, 70, 20, 20, 20, 20]
[1721453949.1121876] [0, 0, 0, 0, 0, 0, 0, 70, 20, 20, 20, 20]
[1721453949.129221] [0, 0, 0, 0, 0, 0, 0, 70, 20, 20, 20, 20]
[1721453949.1451023] [0, 0, 0, 0, 0, 0, 0, 70, 20, 20, 20, 20]
[1721453949.162129] [0, 0, 0, 0, 0, 0, 0, 70, 20, 20, 20, 20]
[1721453949.1791394] [0, 0, 0, 0, 0, 0, 0, 70, 20, 20, 20, 20]
[1721453949.195173] [0, 0, 0, 0, 0, 0, 0, 70, 20, 20, 20, 20]
[1721453949.2121458] [0, 0, 0, 0, 0, 0, 0, 70, 20, 20, 20, 20]
[1721453949.2291174] [0, 0, 0, 0, 0, 0, 0, 70, 20, 20, 20, 20]
[1721453949.2451148] [0, 0, 0, 0, 0, 0, 0, 70, 20, 20, 20, 20]
[1721453949.2621288] [0, 0, 0, 0, 0, 0, 0, 70, 20, 20, 20, 20]
[1721453949.2791827] [0, 0, 0, 0, 0, 0, 0, 70, 20, 20, 20, 20]
[1721453949.295243] [0, 0, 0, 0, 0, 0, 0, 70, 20, 20, 20, 20]
[1721453949.3121824] [0, 0, 0, 0, 0, 0, 0, 70, 20, 20, 20, 20]
[1721453949.329306] [0, 0, 0, 0, 0, 0, 0, 70, 20, 20, 20, 20]
[1721453949.3451362] [0, 0, 0, 0, 0, 0, 0, 70, 20, 20, 20, 20]
[1721453949.3621914] [0, 0, 0, 0, 0, 0, 0, 70, 20, 20, 20, 20]
[1721453949.3775773] [0, 0, 0, 0, 0, 0, 0, 70, 20, 20, 20, 20]
[1721453949.3951485] [0, 0, 0, 0, 0, 0, 0, 70, 20, 20, 20, 20]
[1721453949.4121962] [0, 0, 0, 0, 0, 0, 0, 70, 20, 20, 20, 20]
[1721453949.4292178] [0, 0, 0, 0, 0, 0, 0, 70, 20, 20, 20, 20]
[1721453949.445134] [0, 0, 0, 0, 0, 0, 0, 70, 20, 20, 20, 20]
[1721453949.4621556] [0, 0, 0, 0, 0, 0, 0, 70, 20, 20, 20, 20]
[1721453949.478123] [0, 0, 0, 0, 0, 0, 0, 70, 20, 20, 20, 20]
[1721453949.495154] [0, 0, 0, 0, 0, 0, 0, 70, 20, 20, 20, 20]
[1721453949.5122545] [0, 0, 0, 0, 0, 0, 0, 70, 20, 20, 20, 20]
[1721453949.5295365] [0, 0, 0, 0, 0, 0, 0, 70, 20, 20, 20, 20]
[1721453949.545436] [0, 0, 0, 0, 0, 0, 0, 70, 20, 20, 20, 20]
[1721453949.562362] [0, 0, 0, 0, 0, 0, 0, 70, 20, 20, 20, 20]
[1721453949.578352] [0, 0, 0, 0, 0, 0, 0, 70, 20, 20, 20, 20]
[1721453949.5953932] [0, 0, 0, 0, 0, 0, 0, 70, 20, 20, 20, 20]
[1721453949.612369] [0, 0, 0, 0, 0, 0, 0, 70, 20, 20, 20, 20]
[1721453949.6283662] [0, 0, 0, 0, 0, 0, 0, 70, 20, 20, 20, 20]
[1721453949.6453755] [0, 0, 0, 0, 0, 0, 0, 70, 20, 20, 20, 20]
[1721453949.6622462] [0, 0, 0, 0, 0, 0, 0, 70, 20, 20, 20, 20]
[1721453949.678346] [0, 0, 0, 0, 0, 0, 0, 70, 20, 20, 20, 20]
[1721453949.6952477] [0, 0, 0, 0, 0, 0, 0, 70, 20, 20, 20, 20]
[1721453949.7123485] [0, 0, 0, 0, 0, 0, 0, 70, 20, 20, 20, 20]
[1721453949.728345] [0, 0, 0, 0, 0, 0, 0, 70, 20, 20, 20, 20]
[1721453949.7453647] [0, 0, 0, 0, 0, 0, 0, 70, 20, 20, 20, 20]
[1721453949.7623339] [0, 0, 0, 0, 0, 0, 0, 70, 20, 20, 20, 20]
[1721453949.7783573] [0, 0, 0, 0, 0, 0, 0, 70, 20, 20, 20, 20]
[1721453949.7941182] [0, 0, 0, 0, 0, 0, 0, 70, 20, 20, 20, 20]
[1721453949.8123674] [0, 0, 0, 0, 0, 0, 0, 70, 20, 20, 20, 20]
[1721453949.8283544] [0, 0, 0, 0, 0, 0, 0, 70, 20, 20, 20, 20]
[1721453949.8453264] [0, 0, 0, 0, 0, 0, 0, 70, 20, 20, 20, 20]
[1721453949.862366] [0, 0, 0, 0, 0, 0, 0, 70, 20, 20, 20, 20]
[1721453949.8783894] [0, 0, 0, 0, 0, 0, 0, 70, 20, 20, 20, 20]
[1721453949.8952734] [0, 0, 0, 0, 0, 0, 0, 70, 20, 20, 20, 20]
[1721453949.912342] [0, 0, 0, 0, 0, 0, 0, 70, 20, 20, 20, 20]
[1721453949.92841] [0, 0, 0, 0, 0, 0, 0, 70, 20, 20, 20, 20]
[1721453949.9454298] [0, 0, 0, 0, 0, 0, 0, 70, 20, 20, 20, 20]
[1721453949.9623485] [0, 0, 0, 0, 0, 0, 0, 70, 20, 20, 20, 20]
[1721453949.9783828] [0, 0, 0, 0, 0, 0, 0, 70, 20, 20, 20, 20]
[1721453949.995436] [0, 0, 0, 0, 0, 0, 0, 70, 20, 20, 20, 20]
[1721453950.0123885] [0, 0, 0, 0, 0, 0, 0, 70, 20, 20, 20, 20]
[1721453950.028411] [0, 0, 0, 0, 0, 0, 0, 70, 20, 20, 20, 20]
[1721453950.0454056] [0, 0, 0, 0, 0, 0, 0, 70, 20, 20, 20, 20]
[1721453950.0623534] [0, 0, 0, 0, 0, 0, 0, 70, 20, 20, 20, 20]
[1721453950.0783513] [0, 0, 0, 0, 0, 0, 0, 70, 20, 20, 20, 20]
[1721453950.0953853] [0, 0, 0, 0, 0, 0, 0, 70, 20, 20, 20, 20]
[1721453950.1122606] [0, 0, 0, 0, 0, 0, 0, 70, 20, 20, 20, 20]
[1721453950.1282492] [0, 0, 0, 0, 0, 0, 0, 70, 20, 20, 20, 20]
[1721453950.1453536] [0, 0, 0, 0, 0, 0, 0, 70, 20, 20, 20, 20]
[1721453950.162627] [0, 0, 0, 0, 0, 0, 0, 70, 20, 20, 20, 20]
[1721453950.1782284] [0, 0, 0, 0, 0, 0, 0, 70, 20, 20, 20, 20]
[1721453950.1953945] [0, 0, 0, 0, 0, 0, 0, 70, 20, 20, 20, 20]
[1721453950.2127028] [0, 0, 0, 0, 0, 0, 0, 70, 20, 20, 20, 20]
[1721453950.2287989] [0, 0, 0, 0, 0, 0, 0, 70, 20, 20, 20, 20]
[1721453950.2447557] [0, 0, 0, 0, 0, 0, 0, 70, 20, 20, 20, 20]
[1721453950.2615635] [0, 0, 0, 0, 0, 0, 0, 70, 20, 20, 20, 20]
[1721453950.2782187] [0, 0, 0, 0, 0, 0, 0, 70, 20, 20, 20, 20]
[1721453950.2958097] [0, 0, 0, 0, 0, 0, 0, 70, 20, 20, 20, 20]
[1721453950.3127582] [0, 0, 0, 0, 0, 0, 0, 70, 20, 20, 20, 20]
[1721453950.3285823] [0, 0, 0, 0, 0, 0, 0, 70, 20, 20, 20, 20]
[1721453950.3456886] [0, 0, 0, 0, 0, 0, 0, 70, 20, 20, 20, 20]
[1721453950.3626454] [0, 0, 0, 0, 0, 0, 0, 70, 20, 20, 20, 20]
[1721453950.3783987] [0, 0, 0, 0, 0, 0, 0, 70, 20, 20, 20, 20]
[1721453950.395367] [0, 0, 0, 0, 0, 0, 0, 70, 20, 20, 20, 20]
[1721453950.4124024] [0, 0, 0, 0, 0, 0, 0, 70, 20, 20, 20, 20]
[1721453950.4282436] [0, 0, 0, 0, 0, 0, 0, 70, 20, 20, 20, 20]
[1721453950.4453561] [0, 0, 0, 0, 0, 0, 0, 70, 20, 20, 20, 20]
[1721453950.4623806] [0, 0, 0, 0, 0, 0, 0, 70, 20, 20, 20, 20]
[1721453950.4783597] [0, 0, 0, 0, 0, 0, 0, 70, 20, 20, 20, 20]
[1721453950.495386] [0, 0, 0, 0, 0, 0, 0, 70, 20, 20, 20, 20]
[1721453950.5124114] [0, 0, 0, 0, 0, 0, 0, 70, 20, 20, 20, 20]
[1721453950.528374] [0, 0, 0, 0, 0, 0, 0, 70, 20, 20, 20, 20]
[1721453950.5453312] [0, 0, 0, 0, 0, 0, 0, 70, 20, 20, 20, 20]
[1721453950.5623717] [0, 0, 0, 0, 0, 0, 0, 70, 20, 20, 20, 20]
[1721453950.5783668] [0, 0, 0, 0, 0, 0, 0, 70, 20, 20, 20, 20]
[1721453950.5954204] [0, 0, 0, 0, 0, 0, 0, 70, 20, 20, 20, 20]
[1721453950.6124437] [0, 0, 0, 0, 0, 0, 0, 70, 20, 20, 20, 20]
[1721453950.6284158] [0, 0, 0, 0, 0, 0, 0, 70, 20, 20, 20, 20]
[1721453950.6451952] [0, 0, 0, 0, 0, 0, 0, 70, 20, 20, 20, 20]
[1721453950.6623855] [0, 0, 0, 0, 0, 0, 0, 70, 20, 20, 20, 20]
[1721453950.6783948] [0, 0, 0, 0, 0, 0, 0, 70, 20, 20, 20, 20]
[1721453950.6953866] [0, 0, 0, 0, 0, 0, 0, 70, 20, 20, 20, 20]
[1721453950.7122686] [0, 0, 0, 0, 0, 0, 0, 70, 20, 20, 20, 20]
[1721453950.7283962] [0, 0, 0, 0, 0, 0, 0, 70, 20, 20, 20, 20]
[1721453950.74537] [0, 0, 0, 0, 0, 0, 0, 70, 20, 20, 20, 20]
[1721453950.7623773] [0, 0, 0, 0, 0, 0, 0, 70, 20, 20, 20, 20]
[1721453950.7786183] [0, 0, 0, 0, 0, 0, 0, 70, 20, 20, 20, 20]
[1721453950.7953968] [0, 0, 0, 0, 0, 0, 0, 70, 20, 20, 20, 20]
[1721453950.8124075] [0, 0, 0, 0, 0, 0, 0, 70, 20, 20, 20, 20]
[1721453950.8283772] [0, 0, 0, 0, 0, 0, 0, 70, 20, 20, 20, 20]
[1721453950.845376] [0, 0, 0, 0, 0, 0, 0, 70, 20, 20, 20, 20]
[1721453950.862204] [0, 0, 0, 0, 0, 0, 0, 70, 20, 20, 20, 20]
[1721453950.8784263] [0, 0, 0, 0, 0, 0, 0, 70, 20, 20, 20, 20]
[1721453950.895256] [0, 0, 0, 0, 0, 0, 0, 70, 20, 20, 20, 20]
[1721453950.9123986] [0, 0, 0, 0, 0, 0, 0, 70, 20, 20, 20, 20]
[1721453950.9283884] [0, 0, 0, 0, 0, 0, 0, 70, 20, 20, 20, 20]
[1721453950.9453063] [0, 0, 0, 0, 0, 0, 0, 70, 20, 20, 20, 20]
[1721453950.9624598] [0, 0, 0, 0, 0, 0, 0, 70, 20, 20, 20, 20]
[1721453950.979322] [0, 0, 0, 0, 0, 0, 0, 70, 20, 20, 20, 20]
[1721453950.9955664] [0, 0, 0, 0, 0, 0, 0, 70, 20, 20, 20, 20]
[1721453951.0124135] [0, 0, 0, 0, 0, 0, 0, 70, 20, 20, 20, 20]
[1721453951.0281737] [0, 0, 0, 0, 0, 0, 0, 70, 20, 20, 20, 20]
[1721453951.045282] [0, 0, 0, 0, 0, 0, 0, 70, 20, 20, 20, 20]
[1721453951.062409] [0, 0, 0, 0, 0, 0, 0, 70, 20, 20, 20, 20]
[1721453951.0783553] [0, 0, 0, 0, 0, 0, 0, 70, 20, 20, 20, 20]
[1721453951.0952008] [0, 0, 0, 0, 0, 0, 0, 70, 20, 20, 20, 20]
[1721453951.112404] [0, 0, 0, 0, 0, 0, 0, 70, 20, 20, 20, 20]
[1721453951.1283922] [0, 0, 0, 0, 0, 0, 0, 70, 20, 20, 20, 20]
[1721453951.145406] [0, 0, 0, 0, 0, 0, 0, 70, 20, 20, 20, 20]
[1721453951.1626375] [0, 0, 0, 0, 0, 0, 0, 70, 20, 20, 20, 20]
[1721453951.178399] [0, 0, 0, 0, 0, 0, 0, 70, 20, 20, 20, 20]
[1721453951.1956081] [0, 0, 0, 0, 0, 0, 0, 70, 20, 20, 20, 20]
[1721453951.212381] [0, 0, 0, 0, 0, 0, 0, 70, 20, 20, 20, 20]
[1721453951.2284048] [0, 0, 0, 0, 0, 0, 0, 70, 20, 20, 20, 20]
[1721453951.2453833] [0, 0, 0, 0, 0, 0, 0, 70, 20, 20, 20, 20]
[1721453951.2623875] [0, 0, 0, 0, 0, 0, 0, 70, 20, 20, 20, 20]
[1721453951.2784126] [0, 0, 0, 0, 0, 0, 0, 70, 20, 20, 20, 20]
[1721453951.2953854] [0, 0, 0, 0, 0, 0, 0, 70, 20, 20, 20, 20]
[1721453951.3126216] [0, 0, 0, 0, 0, 0, 0, 70, 20, 20, 20, 20]
[1721453951.328189] [0, 0, 0, 0, 0, 0, 0, 70, 20, 20, 20, 20]
[1721453951.345396] [0, 0, 0, 0, 0, 0, 0, 70, 20, 20, 20, 20]
[1721453951.3623607] [0, 0, 0, 0, 0, 0, 0, 70, 20, 20, 20, 20]
[1721453951.3783967] [0, 0, 0, 0, 0, 0, 0, 70, 20, 20, 20, 20]
[1721453951.3953974] [0, 0, 0, 0, 0, 0, 0, 70, 20, 20, 20, 20]
[1721453951.4123964] [0, 0, 0, 0, 0, 0, 0, 70, 20, 20, 20, 20]
[1721453951.4283946] [0, 0, 0, 0, 0, 0, 0, 70, 20, 20, 20, 20]
[1721453951.4454515] [0, 0, 0, 0, 0, 0, 0, 70, 20, 20, 20, 20]
[1721453951.4625032] [0, 0, 0, 0, 0, 0, 0, 70, 20, 20, 20, 20]
[1721453951.4784107] [0, 0, 0, 0, 0, 0, 0, 70, 20, 20, 20, 20]
[1721453951.4954317] [0, 0, 0, 0, 0, 0, 0, 70, 20, 20, 20, 20]
[1721453951.5124128] [0, 0, 0, 0, 0, 0, 0, 70, 20, 20, 20, 20]
[1721453951.5284355] [0, 0, 0, 0, 0, 0, 0, 70, 20, 20, 20, 20]
[1721453951.5454764] [0, 0, 0, 0, 0, 0, 0, 70, 20, 20, 20, 20]
[1721453951.5624144] [0, 0, 0, 0, 0, 0, 0, 70, 20, 20, 20, 20]
[1721453951.5784426] [0, 0, 0, 0, 0, 0, 0, 70, 20, 20, 20, 20]
[1721453951.5956843] [0, 0, 0, 0, 0, 0, 0, 70, 20, 20, 20, 20]
[1721453951.6124187] [0, 0, 0, 0, 0, 0, 0, 70, 20, 20, 20, 20]
[1721453951.6284156] [0, 0, 0, 0, 0, 0, 0, 70, 20, 20, 20, 20]
[1721453951.645443] [0, 0, 0, 0, 0, 0, 0, 70, 20, 20, 20, 20]
[1721453951.6624634] [0, 0, 0, 0, 0, 0, 0, 70, 20, 20, 20, 20]
[1721453951.6784477] [0, 0, 0, 0, 0, 0, 0, 70, 20, 20, 20, 20]
[1721453951.695446] [0, 0, 0, 0, 0, 0, 0, 70, 20, 20, 20, 20]
[1721453951.712404] [0, 0, 0, 0, 0, 0, 0, 70, 20, 20, 20, 20]
[1721453951.7284417] [0, 0, 0, 0, 0, 0, 0, 70, 20, 20, 20, 20]
[1721453951.7456057] [0, 0, 0, 0, 0, 0, 0, 70, 20, 20, 20, 20]
[1721453951.762403] [0, 0, 0, 0, 0, 0, 0, 70, 20, 20, 20, 20]
[1721453951.7791724] [0, 0, 0, 0, 0, 0, 0, 70, 20, 20, 20, 20]
[1721453951.7953875] [0, 0, 0, 0, 0, 0, 0, 70, 20, 20, 20, 20]
[1721453951.8123846] [0, 0, 0, 0, 0, 0, 0, 70, 20, 20, 20, 20]
[1721453951.8286722] [0, 0, 0, 0, 0, 0, 0, 70, 20, 20, 20, 20]
[1721453951.8454263] [0, 0, 0, 0, 0, 0, 0, 70, 20, 20, 20, 20]
[1721453951.862401] [0, 0, 0, 0, 0, 0, 0, 70, 20, 20, 20, 20]
[1721453951.878229] [0, 0, 0, 0, 0, 0, 0, 70, 20, 20, 20, 20]
[1721453951.8951921] [0, 0, 0, 0, 0, 0, 0, 70, 20, 20, 20, 20]
[1721453951.9122658] [0, 0, 0, 0, 0, 0, 0, 70, 20, 20, 20, 20]
[1721453951.9284544] [0, 0, 0, 0, 0, 0, 0, 70, 20, 20, 20, 20]
[1721453951.9451957] [0, 0, 0, 0, 0, 0, 0, 70, 20, 20, 20, 20]
[1721453951.9622478] [0, 0, 0, 0, 0, 0, 0, 70, 20, 20, 20, 20]
[1721453951.9791908] [0, 0, 0, 0, 0, 0, 0, 70, 20, 20, 20, 20]
[1721453951.995212] [0, 0, 0, 0, 0, 0, 0, 70, 20, 20, 20, 20]
[1721453952.0124784] [0, 0, 0, 0, 0, 0, 0, 70, 20, 20, 20, 20]
[1721453952.0292687] [0, 0, 0, 0, 0, 0, 0, 70, 20, 20, 20, 20]
[1721453952.0451736] [0, 0, 0, 0, 0, 0, 0, 70, 20, 20, 20, 20]
[1721453952.0625753] [0, 0, 0, 0, 0, 0, 0, 70, 20, 20, 20, 20]
[1721453952.0782366] [0, 0, 0, 0, 0, 0, 0, 70, 20, 20, 20, 20]
[1721453952.0954432] [0, 0, 0, 0, 0, 0, 0, 70, 20, 20, 20, 20]
[1721453952.1122184] [0, 0, 0, 0, 0, 0, 0, 70, 20, 20, 20, 20]
[1721453952.1292577] [0, 0, 0, 0, 0, 0, 0, 70, 20, 20, 20, 20]
[1721453952.1453466] [0, 0, 0, 0, 0, 0, 0, 70, 20, 20, 20, 20]
[1721453952.162224] [0, 0, 0, 0, 0, 0, 0, 70, 20, 20, 20, 20]
[1721453952.1782572] [0, 0, 0, 0, 0, 0, 0, 70, 20, 20, 20, 20]
[1721453952.1951935] [0, 0, 0, 0, 0, 0, 0, 70, 20, 20, 20, 20]
[1721453952.2122686] [0, 0, 0, 0, 0, 0, 0, 70, 20, 20, 20, 20]
[1721453952.229231] [0, 0, 0, 0, 0, 0, 0, 70, 20, 20, 20, 20]
[1721453952.245231] [0, 0, 0, 0, 0, 0, 0, 70, 20, 20, 20, 20]
[1721453952.2622888] [0, 0, 0, 0, 0, 0, 0, 70, 20, 20, 20, 20]
[1721453952.27927] [0, 0, 0, 0, 0, 0, 0, 70, 20, 20, 20, 20]
[1721453952.295312] [0, 0, 0, 0, 0, 0, 0, 70, 20, 20, 20, 20]
[1721453952.312305] [0, 0, 0, 0, 0, 0, 0, 70, 20, 20, 20, 20]
[1721453952.3292408] [0, 0, 0, 0, 0, 0, 0, 70, 20, 20, 20, 20]
[1721453952.3452256] [0, 0, 0, 0, 0, 0, 0, 70, 20, 20, 20, 20]
[1721453952.3622096] [0, 0, 0, 0, 0, 0, 0, 70, 20, 20, 20, 20]
[1721453952.3792186] [0, 0, 0, 0, 0, 0, 0, 70, 20, 20, 20, 20]
[1721453952.3955667] [0, 0, 0, 0, 0, 0, 0, 70, 20, 20, 20, 20]
[1721453952.4126103] [0, 0, 0, 0, 0, 0, 0, 70, 20, 20, 20, 20]
[1721453952.4282055] [0, 0, 0, 0, 0, 0, 0, 70, 20, 20, 20, 20]
[1721453952.4451911] [0, 0, 0, 0, 0, 0, 0, 70, 20, 20, 20, 20]
[1721453952.4624155] [0, 0, 0, 0, 0, 0, 0, 70, 20, 20, 20, 20]
[1721453952.4785905] [0, 0, 0, 0, 0, 0, 0, 70, 20, 20, 20, 20]
[1721453952.495189] [0, 0, 0, 0, 0, 0, 0, 70, 20, 20, 20, 20]
[1721453952.512168] [0, 0, 0, 0, 0, 0, 0, 70, 20, 20, 20, 20]
[1721453952.5286133] [0, 0, 0, 0, 0, 0, 0, 70, 20, 20, 20, 20]
[1721453952.5452287] [0, 0, 0, 0, 0, 0, 0, 70, 20, 20, 20, 20]
[1721453952.5622323] [0, 0, 0, 0, 0, 0, 0, 70, 20, 20, 20, 20]
[1721453952.5782375] [0, 0, 0, 0, 0, 0, 0, 70, 20, 20, 20, 20]
[1721453952.5951977] [0, 0, 0, 0, 0, 0, 0, 70, 20, 20, 20, 20]
[1721453952.6122122] [0, 0, 0, 0, 0, 0, 0, 70, 20, 20, 20, 20]
[1721453952.6279042] [0, 0, 0, 0, 0, 0, 0, 70, 20, 20, 20, 20]
[1721453952.6452699] [0, 0, 0, 0, 0, 0, 0, 70, 20, 20, 20, 20]
[1721453952.662213] [0, 0, 0, 0, 0, 0, 0, 70, 20, 20, 20, 20]
[1721453952.6782722] [0, 0, 0, 0, 0, 0, 0, 70, 20, 20, 20, 20]
[1721453952.6952164] [0, 0, 0, 0, 0, 0, 0, 70, 20, 20, 20, 20]
[1721453952.7116625] [0, 0, 0, 0, 0, 0, 0, 70, 20, 20, 20, 20]
[1721453952.7284079] [0, 0, 0, 0, 0, 0, 0, 70, 20, 20, 20, 20]
[1721453952.7459562] [0, 0, 0, 0, 0, 0, 0, 70, 20, 20, 20, 20]
[1721453952.7631397] [0, 0, 0, 0, 0, 0, 0, 70, 20, 20, 20, 20]
[1721453952.7785] [0, 0, 0, 0, 0, 0, 0, 70, 20, 20, 20, 20]
[1721453952.7956426] [0, 0, 0, 0, 0, 0, 0, 70, 20, 20, 20, 20]
[1721453952.8122923] [0, 0, 0, 0, 0, 0, 0, 70, 20, 20, 20, 20]
[1721453952.8282747] [0, 0, 0, 0, 0, 0, 0, 70, 20, 20, 20, 20]
[1721453952.845315] [0, 0, 0, 0, 0, 0, 0, 70, 20, 20, 20, 20]
[1721453952.8624167] [0, 0, 0, 0, 0, 0, 0, 70, 20, 20, 20, 20]
[1721453952.8782442] [0, 0, 0, 0, 0, 0, 0, 70, 20, 20, 20, 20]
[1721453952.895292] [0, 0, 0, 0, 0, 0, 0, 70, 20, 20, 20, 20]
[1721453952.9123359] [0, 0, 0, 0, 0, 0, 0, 70, 20, 20, 20, 20]
[1721453952.92924] [0, 0, 0, 0, 0, 0, 0, 70, 20, 20, 20, 20]
[1721453952.945336] [0, 0, 0, 0, 0, 0, 0, 70, 20, 20, 20, 20]
[1721453952.9622855] [0, 0, 0, 0, 0, 0, 0, 70, 20, 20, 20, 20]
[1721453952.9793985] [0, 0, 0, 0, 0, 0, 0, 70, 20, 20, 20, 20]
[1721453952.9952476] [0, 0, 0, 0, 0, 0, 0, 70, 20, 20, 20, 20]
[1721453953.0124187] [0, 0, 0, 0, 0, 0, 0, 70, 20, 20, 20, 20]
[1721453953.0291836] [0, 0, 0, 0, 0, 0, 0, 70, 20, 20, 20, 20]
[1721453953.0452216] [0, 0, 0, 0, 0, 0, 0, 70, 20, 20, 20, 20]
[1721453953.0622282] [0, 0, 0, 0, 0, 0, 0, 70, 20, 20, 20, 20]
[1721453953.07837] [0, 0, 0, 0, 0, 0, 0, 70, 20, 20, 20, 20]
[1721453953.095178] [0, 0, 0, 0, 0, 0, 0, 70, 20, 20, 20, 20]
[1721453953.112211] [0, 0, 0, 0, 0, 0, 0, 70, 20, 20, 20, 20]
[1721453953.1294787] [0, 0, 0, 0, 0, 0, 0, 70, 20, 20, 20, 20]
[1721453953.145259] [0, 0, 0, 0, 0, 0, 0, 70, 20, 20, 20, 20]
[1721453953.1623979] [0, 0, 0, 0, 0, 0, 0, 70, 20, 20, 20, 20]
[1721453953.1784334] [0, 0, 0, 0, 0, 0, 0, 70, 20, 20, 20, 20]
[1721453953.1953974] [0, 0, 0, 0, 0, 0, 0, 70, 20, 20, 20, 20]
[1721453953.212242] [0, 0, 0, 0, 0, 0, 0, 70, 20, 20, 20, 20]
[1721453953.2282772] [0, 0, 0, 0, 0, 0, 0, 70, 20, 20, 20, 20]
[1721453953.2453265] [0, 0, 0, 0, 0, 0, 0, 70, 20, 20, 20, 20]
[1721453953.2622805] [0, 0, 0, 0, 0, 0, 0, 70, 20, 20, 20, 20]
[1721453953.2791922] [0, 0, 0, 0, 0, 0, 0, 70, 20, 20, 20, 20]
[1721453953.295253] [0, 0, 0, 0, 0, 0, 0, 70, 20, 20, 20, 20]
[1721453953.3123186] [0, 0, 0, 0, 0, 0, 0, 70, 20, 20, 20, 20]
[1721453953.329189] [0, 0, 0, 0, 0, 0, 0, 70, 20, 20, 20, 20]
[1721453953.3452225] [0, 0, 0, 0, 0, 0, 0, 70, 20, 20, 20, 20]
[1721453953.362274] [0, 0, 0, 0, 0, 0, 0, 70, 20, 20, 20, 20]
[1721453953.379298] [0, 0, 0, 0, 0, 0, 0, 70, 20, 20, 20, 20]
[1721453953.3952656] [0, 0, 0, 0, 0, 0, 0, 70, 20, 20, 20, 20]
[1721453953.4122384] [0, 0, 0, 0, 0, 0, 0, 70, 20, 20, 20, 20]
[1721453953.429279] [0, 0, 0, 0, 0, 0, 0, 70, 20, 20, 20, 20]
[1721453953.4452684] [0, 0, 0, 0, 0, 0, 0, 70, 20, 20, 20, 20]
[1721453953.462263] [0, 0, 0, 0, 0, 0, 0, 70, 20, 20, 20, 20]
[1721453953.479282] [0, 0, 0, 0, 0, 0, 0, 70, 20, 20, 20, 20]
[1721453953.4952772] [0, 0, 0, 0, 0, 0, 0, 70, 20, 20, 20, 20]
[1721453953.5122538] [0, 0, 0, 0, 0, 0, 0, 70, 20, 20, 20, 20]
[1721453953.5283964] [0, 0, 0, 0, 0, 0, 0, 70, 20, 20, 20, 20]
[1721453953.545247] [0, 0, 0, 0, 0, 0, 0, 70, 20, 20, 20, 20]
[1721453953.5622892] [0, 0, 0, 0, 0, 0, 0, 70, 20, 20, 20, 20]
[1721453953.5793219] [0, 0, 0, 0, 0, 0, 0, 70, 20, 20, 20, 20]
[1721453953.5953927] [0, 0, 0, 0, 0, 0, 0, 70, 20, 20, 20, 20]
[1721453953.6123621] [0, 0, 0, 0, 0, 0, 0, 70, 20, 20, 20, 20]
[1721453953.6283727] [0, 0, 0, 0, 0, 0, 0, 70, 20, 20, 20, 20]
[1721453953.6454747] [0, 0, 0, 0, 0, 0, 0, 70, 20, 20, 20, 20]
[1721453953.662238] [0, 0, 0, 0, 0, 0, 0, 70, 20, 20, 20, 20]
[1721453953.6792746] [0, 0, 0, 0, 0, 0, 0, 70, 20, 20, 20, 20]
[1721453953.695394] [0, 0, 0, 0, 0, 0, 0, 70, 20, 20, 20, 20]
[1721453953.7123961] [0, 0, 0, 0, 0, 0, 0, 70, 20, 20, 20, 20]
[1721453953.7294083] [0, 0, 0, 0, 0, 0, 0, 70, 20, 20, 20, 20]
[1721453953.7452693] [0, 0, 0, 0, 0, 0, 0, 70, 20, 20, 20, 20]
[1721453953.7622838] [0, 0, 0, 0, 0, 0, 0, 70, 20, 20, 20, 20]
[1721453953.7792459] [0, 0, 0, 0, 0, 0, 0, 70, 20, 20, 20, 20]
[1721453953.7952876] [0, 0, 0, 0, 0, 0, 0, 70, 20, 20, 20, 20]
[1721453953.8122828] [0, 0, 0, 0, 0, 0, 0, 70, 20, 20, 20, 20]
[1721453953.8292499] [0, 0, 0, 0, 0, 0, 0, 70, 20, 20, 20, 20]
[1721453953.8454006] [0, 0, 0, 0, 0, 0, 0, 70, 20, 20, 20, 20]
[1721453953.8622794] [0, 0, 0, 0, 0, 0, 0, 70, 20, 20, 20, 20]
[1721453953.8793817] [0, 0, 0, 0, 0, 0, 0, 70, 20, 20, 20, 20]
[1721453953.8952465] [0, 0, 0, 0, 0, 0, 0, 70, 20, 20, 20, 20]
[1721453953.9107707] [0, 0, 0, 0, 0, 0, 0, 70, 20, 20, 20, 20]
[1721453953.92929] [0, 0, 0, 0, 0, 0, 0, 70, 20, 20, 20, 20]
[1721453953.9453042] [0, 0, 0, 0, 0, 0, 0, 70, 20, 20, 20, 20]
[1721453953.9621172] [0, 0, 0, 0, 0, 0, 0, 70, 20, 20, 20, 20]
[1721453953.9784498] [0, 0, 0, 0, 0, 0, 0, 70, 20, 20, 20, 20]
[1721453953.9954429] [0, 0, 0, 0, 0, 0, 0, 70, 20, 20, 20, 20]
[1721453954.0124109] [0, 0, 0, 0, 0, 0, 0, 70, 20, 20, 20, 20]
[1721453954.028442] [0, 0, 0, 0, 0, 0, 0, 70, 20, 20, 20, 20]
[1721453954.0454109] [0, 0, 0, 0, 0, 0, 0, 70, 20, 20, 20, 20]
[1721453954.062333] [0, 0, 0, 0, 0, 0, 0, 70, 20, 20, 20, 20]
[1721453954.078299] [0, 0, 0, 0, 0, 0, 0, 70, 20, 20, 20, 20]
[1721453954.0953245] [0, 0, 0, 0, 0, 0, 0, 70, 20, 20, 20, 20]
[1721453954.1124625] [0, 0, 0, 0, 0, 0, 0, 70, 20, 20, 20, 20]
[1721453954.1283295] [0, 0, 0, 0, 0, 0, 0, 70, 20, 20, 20, 20]
[1721453954.1454203] [0, 0, 0, 0, 0, 0, 0, 70, 20, 20, 20, 20]
[1721453954.1623042] [0, 0, 0, 0, 0, 0, 0, 70, 20, 20, 20, 20]
[1721453954.1784282] [0, 0, 0, 0, 0, 0, 0, 70, 20, 20, 20, 20]
[1721453954.1953368] [0, 0, 0, 0, 0, 0, 0, 70, 20, 20, 20, 20]
[1721453954.212291] [0, 0, 0, 0, 0, 0, 0, 70, 20, 20, 20, 20]
[1721453954.2282941] [0, 0, 0, 0, 0, 0, 0, 70, 20, 20, 20, 20]
[1721453954.2454197] [0, 0, 0, 0, 0, 0, 0, 70, 20, 20, 20, 20]
[1721453954.2626069] [0, 0, 0, 0, 0, 0, 0, 70, 20, 20, 20, 20]
[1721453954.2796538] [0, 0, 0, 0, 0, 0, 0, 70, 20, 20, 20, 20]
[1721453954.2952871] [0, 0, 0, 0, 0, 0, 0, 70, 20, 20, 20, 20]
[1721453954.3123755] [0, 0, 0, 0, 0, 0, 0, 70, 20, 20, 20, 20]
[1721453954.3283288] [0, 0, 0, 0, 0, 0, 0, 70, 20, 20, 20, 20]
[1721453954.3453305] [0, 0, 0, 0, 0, 0, 0, 70, 20, 20, 20, 20]
[1721453954.3622613] [0, 0, 0, 0, 0, 0, 0, 70, 20, 20, 20, 20]
[1721453954.3782203] [0, 0, 0, 0, 0, 0, 0, 70, 20, 20, 20, 20]
[1721453954.3952913] [0, 0, 0, 0, 0, 0, 0, 70, 20, 20, 20, 20]
[1721453954.412274] [0, 0, 0, 0, 0, 0, 0, 70, 20, 20, 20, 20]
[1721453954.4282622] [0, 0, 0, 0, 0, 0, 0, 70, 20, 20, 20, 20]
[1721453954.4454584] [0, 0, 0, 0, 0, 0, 0, 70, 20, 20, 20, 20]
[1721453954.4624796] [0, 0, 0, 0, 0, 0, 0, 70, 20, 20, 20, 20]
[1721453954.4785144] [0, 0, 0, 0, 0, 0, 0, 70, 20, 20, 20, 20]
[1721453954.4954374] [0, 0, 0, 0, 0, 0, 0, 70, 20, 20, 20, 20]
[1721453954.5123487] [0, 0, 0, 0, 0, 0, 0, 70, 20, 20, 20, 20]
[1721453954.5284688] [0, 0, 0, 0, 0, 0, 0, 70, 20, 20, 20, 20]
[1721453954.5454552] [0, 0, 0, 0, 0, 0, 0, 70, 20, 20, 20, 20]
[1721453954.5624769] [0, 0, 0, 0, 0, 0, 0, 70, 20, 20, 20, 20]
[1721453954.5785065] [0, 0, 0, 0, 0, 0, 0, 70, 20, 20, 20, 20]
[1721453954.595478] [0, 0, 0, 0, 0, 0, 0, 70, 20, 20, 20, 20]
[1721453954.612463] [0, 0, 0, 0, 0, 0, 0, 70, 20, 20, 20, 20]
[1721453954.6282768] [0, 0, 0, 0, 0, 0, 0, 70, 20, 20, 20, 20]
[1721453954.6455116] [0, 0, 0, 0, 0, 0, 0, 70, 20, 20, 20, 20]
[1721453954.6624966] [0, 0, 0, 0, 0, 0, 0, 70, 20, 20, 20, 20]
[1721453954.6784472] [0, 0, 0, 0, 0, 0, 0, 70, 20, 20, 20, 20]
[1721453954.6955178] [0, 0, 0, 0, 0, 0, 0, 70, 20, 20, 20, 20]
[1721453954.712465] [0, 0, 0, 0, 0, 0, 0, 70, 20, 20, 20, 20]
[1721453954.728389] [0, 0, 0, 0, 0, 0, 0, 70, 20, 20, 20, 20]
[1721453954.7455025] [0, 0, 0, 0, 0, 0, 0, 70, 20, 20, 20, 20]
[1721453954.7625067] [0, 0, 0, 0, 0, 0, 0, 70, 20, 20, 20, 20]
[1721453954.7785017] [0, 0, 0, 0, 0, 0, 0, 70, 20, 20, 20, 20]
[1721453954.7953153] [0, 0, 0, 0, 0, 0, 0, 70, 20, 20, 20, 20]
[1721453954.8124652] [0, 0, 0, 0, 0, 0, 0, 70, 20, 20, 20, 20]
[1721453954.8284793] [0, 0, 0, 0, 0, 0, 0, 70, 20, 20, 20, 20]
[1721453954.8454747] [0, 0, 0, 0, 0, 0, 0, 70, 20, 20, 20, 20]
[1721453954.862483] [0, 0, 0, 0, 0, 0, 0, 70, 20, 20, 20, 20]
[1721453954.878481] [0, 0, 0, 0, 0, 0, 0, 70, 20, 20, 20, 20]
[1721453954.8954852] [0, 0, 0, 0, 0, 0, 0, 70, 20, 20, 20, 20]
[1721453954.9125001] [0, 0, 0, 0, 0, 0, 0, 70, 20, 20, 20, 20]
[1721453954.928552] [0, 0, 0, 0, 0, 0, 0, 70, 20, 20, 20, 20]
[1721453954.9452844] [0, 0, 0, 0, 0, 0, 0, 70, 20, 20, 20, 20]
[1721453954.962684] [0, 0, 0, 0, 0, 0, 0, 70, 20, 20, 20, 20]
[1721453954.9783683] [0, 0, 0, 0, 0, 0, 0, 70, 20, 20, 20, 20]
[1721453954.9953227] [0, 0, 0, 0, 0, 0, 0, 70, 20, 20, 20, 20]
[1721453955.0123076] [0, 0, 0, 0, 0, 0, 0, 70, 20, 20, 20, 20]
[1721453955.0296764] [0, 0, 0, 0, 0, 0, 0, 70, 20, 20, 20, 20]
[1721453955.0453527] [0, 0, 0, 0, 0, 0, 0, 70, 20, 20, 20, 20]
[1721453955.0623364] [0, 0, 0, 0, 0, 0, 0, 70, 20, 20, 20, 20]
[1721453955.0780375] [0, 0, 0, 0, 0, 0, 0, 70, 20, 20, 20, 20]
[1721453955.0952706] [0, 0, 0, 0, 0, 0, 0, 70, 20, 20, 20, 20]
[1721453955.1122706] [0, 0, 0, 0, 0, 0, 0, 70, 20, 20, 20, 20]
[1721453955.1293228] [0, 0, 0, 0, 0, 0, 0, 70, 20, 20, 20, 20]
[1721453955.1452713] [0, 0, 0, 0, 0, 0, 0, 70, 20, 20, 20, 20]
[1721453955.1622477] [0, 0, 0, 0, 0, 0, 0, 70, 20, 20, 20, 20]
[1721453955.179295] [0, 0, 0, 0, 0, 0, 0, 70, 20, 20, 20, 20]
[1721453955.1953118] [0, 0, 0, 0, 0, 0, 0, 70, 20, 20, 20, 20]
[1721453955.2127788] [0, 0, 0, 0, 0, 0, 0, 70, 20, 20, 20, 20]
[1721453955.2287025] [0, 0, 0, 0, 0, 0, 0, 70, 20, 20, 20, 20]
[1721453955.24569] [0, 0, 0, 0, 0, 0, 0, 70, 20, 20, 20, 20]
[1721453955.262622] [0, 0, 0, 0, 0, 0, 0, 70, 20, 20, 20, 20]
[1721453955.2787101] [0, 0, 0, 0, 0, 0, 0, 70, 20, 20, 20, 20]
[1721453955.2953954] [0, 0, 0, 0, 0, 0, 0, 70, 20, 20, 20, 20]
[1721453955.3122983] [0, 0, 0, 0, 0, 0, 0, 70, 20, 20, 20, 20]
[1721453955.3291364] [0, 0, 0, 0, 0, 0, 0, 70, 20, 20, 20, 20]
[1721453955.3461542] [0, 0, 0, 0, 0, 0, 0, 70, 20, 20, 20, 20]
[1721453955.3613207] [0, 0, 0, 0, 0, 0, 0, 70, 20, 20, 20, 20]
[1721453955.3781984] [0, 0, 0, 0, 0, 0, 0, 70, 20, 20, 20, 20]
[1721453955.39531] [0, 0, 0, 0, 0, 0, 0, 70, 20, 20, 20, 20]
[1721453955.4123323] [0, 0, 0, 0, 0, 0, 0, 70, 20, 20, 20, 20]
[1721453955.4283028] [0, 0, 0, 0, 0, 0, 0, 70, 20, 20, 20, 20]
[1721453955.445316] [0, 0, 0, 0, 0, 0, 0, 70, 20, 20, 20, 20]
[1721453955.4623513] [0, 0, 0, 0, 0, 0, 0, 70, 20, 20, 20, 20]
[1721453955.4783828] [0, 0, 0, 0, 0, 0, 0, 70, 20, 20, 20, 20]
[1721453955.4953663] [0, 0, 0, 0, 0, 0, 0, 70, 20, 20, 20, 20]
[1721453955.5124662] [0, 0, 0, 0, 0, 0, 0, 70, 20, 20, 20, 20]
[1721453955.5284188] [0, 0, 0, 0, 0, 0, 0, 70, 20, 20, 20, 20]
[1721453955.5454605] [0, 0, 0, 0, 0, 0, 0, 70, 20, 20, 20, 20]
[1721453955.5624044] [0, 0, 0, 0, 0, 0, 0, 70, 20, 20, 20, 20]
[1721453955.579339] [0, 0, 0, 0, 0, 0, 0, 70, 20, 20, 20, 20]
[1721453955.5954313] [0, 0, 0, 0, 0, 0, 0, 70, 20, 20, 20, 20]
[1721453955.6124108] [0, 0, 0, 0, 0, 0, 0, 70, 20, 20, 20, 20]
[1721453955.6293771] [0, 0, 0, 0, 0, 0, 0, 70, 20, 20, 20, 20]
[1721453955.6453295] [0, 0, 0, 0, 0, 0, 0, 70, 20, 20, 20, 20]
[1721453955.6624274] [0, 0, 0, 0, 0, 0, 0, 70, 20, 20, 20, 20]
[1721453955.6785083] [0, 0, 0, 0, 0, 0, 0, 70, 20, 20, 20, 20]
[1721453955.6955185] [0, 0, 0, 0, 0, 0, 0, 70, 20, 20, 20, 20]
[1721453955.7124746] [0, 0, 0, 0, 0, 0, 0, 70, 20, 20, 20, 20]
[1721453955.7284784] [0, 0, 0, 0, 0, 0, 0, 70, 20, 20, 20, 20]
[1721453955.7454] [0, 0, 0, 0, 0, 0, 0, 70, 20, 20, 20, 20]
[1721453955.76252] [0, 0, 0, 0, 0, 0, 0, 70, 20, 20, 20, 20]
[1721453955.7793288] [0, 0, 0, 0, 0, 0, 0, 70, 20, 20, 20, 20]
[1721453955.7953434] [0, 0, 0, 0, 0, 0, 0, 70, 20, 20, 20, 20]
[1721453955.8123226] [0, 0, 0, 0, 0, 0, 0, 70, 20, 20, 20, 20]
[1721453955.8293269] [0, 0, 0, 0, 0, 0, 0, 70, 20, 20, 20, 20]
[1721453955.8453596] [0, 0, 0, 0, 0, 0, 0, 70, 20, 20, 20, 20]
[1721453955.862329] [0, 0, 0, 0, 0, 0, 0, 70, 20, 20, 20, 20]
[1721453955.8794622] [0, 0, 0, 0, 0, 0, 0, 70, 20, 20, 20, 20]
[1721453955.8945189] [0, 0, 0, 0, 0, 0, 0, 70, 20, 20, 20, 20]
[1721453955.9123542] [0, 0, 0, 0, 0, 0, 0, 70, 20, 20, 20, 20]
[1721453955.9293103] [0, 0, 0, 0, 0, 0, 0, 70, 20, 20, 20, 20]
[1721453955.945306] [0, 0, 0, 0, 0, 0, 0, 70, 20, 20, 20, 20]
[1721453955.9623196] [0, 0, 0, 0, 0, 0, 0, 70, 20, 20, 20, 20]
[1721453955.9793768] [0, 0, 0, 0, 0, 0, 0, 70, 20, 20, 20, 20]
[1721453955.995354] [0, 0, 0, 0, 0, 0, 0, 70, 20, 20, 20, 20]
[1721453956.0124915] [0, 0, 0, 0, 0, 0, 0, 70, 20, 20, 20, 20]
[1721453956.0285275] [0, 0, 0, 0, 0, 0, 0, 70, 20, 20, 20, 20]
[1721453956.045361] [0, 0, 0, 0, 0, 0, 0, 70, 20, 20, 20, 20]
[1721453956.0623567] [0, 0, 0, 0, 0, 0, 0, 70, 20, 20, 20, 20]
[1721453956.0784838] [0, 0, 0, 0, 0, 0, 0, 70, 20, 20, 20, 20]
[1721453956.0954967] [0, 0, 0, 0, 0, 0, 0, 70, 20, 20, 20, 20]
[1721453956.1122952] [0, 0, 0, 0, 0, 0, 0, 70, 20, 20, 20, 20]
[1721453956.1293323] [0, 0, 0, 0, 0, 0, 0, 70, 20, 20, 20, 20]
[1721453956.1455464] [0, 0, 0, 0, 0, 0, 0, 70, 20, 20, 20, 20]
[1721453956.1624756] [0, 0, 0, 0, 0, 0, 0, 70, 20, 20, 20, 20]
[1721453956.178402] [0, 0, 0, 0, 0, 0, 0, 70, 20, 20, 20, 20]
[1721453956.1954055] [0, 0, 0, 0, 0, 0, 0, 70, 20, 20, 20, 20]
[1721453956.2123246] [0, 0, 0, 0, 0, 0, 0, 70, 20, 20, 20, 20]
[1721453956.2283154] [0, 0, 0, 0, 0, 0, 0, 70, 20, 20, 20, 20]
[1721453956.2453613] [0, 0, 0, 0, 0, 0, 0, 70, 20, 20, 20, 20]
[1721453956.2624166] [0, 0, 0, 0, 0, 0, 0, 70, 20, 20, 20, 20]
[1721453956.2796822] [0, 0, 0, 0, 0, 0, 0, 70, 20, 20, 20, 20]
[1721453956.2954836] [0, 0, 0, 0, 0, 0, 0, 70, 20, 20, 20, 20]
[1721453956.3108418] [0, 0, 0, 0, 0, 0, 0, 70, 20, 20, 20, 20]
[1721453956.328434] [0, 0, 0, 0, 0, 0, 0, 70, 20, 20, 20, 20]
[1721453956.3455606] [0, 0, 0, 0, 0, 0, 0, 70, 20, 20, 20, 20]
[1721453956.3624399] [0, 0, 0, 0, 0, 0, 0, 70, 20, 20, 20, 20]
[1721453956.3794258] [0, 0, 0, 0, 0, 0, 0, 70, 20, 20, 20, 20]
[1721453956.3954926] [0, 0, 0, 0, 0, 0, 0, 70, 20, 20, 20, 20]
[1721453956.4125903] [0, 0, 0, 0, 0, 0, 0, 70, 20, 20, 20, 20]
[1721453956.4283571] [0, 0, 0, 0, 0, 0, 0, 70, 20, 20, 20, 20]
[1721453956.4456027] [0, 0, 0, 0, 0, 0, 0, 70, 20, 20, 20, 20]
[1721453956.4624205] [0, 0, 0, 0, 0, 0, 0, 70, 20, 20, 20, 20]
[1721453956.4793537] [0, 0, 0, 0, 0, 0, 0, 70, 20, 20, 20, 20]
[1721453956.4954965] [0, 0, 0, 0, 0, 0, 0, 70, 20, 20, 20, 20]
[1721453956.5125113] [0, 0, 0, 0, 0, 0, 0, 70, 20, 20, 20, 20]
[1721453956.5293517] [0, 0, 0, 0, 0, 0, 0, 70, 20, 20, 20, 20]
[1721453956.5453331] [0, 0, 0, 0, 0, 0, 0, 70, 20, 20, 20, 20]
[1721453956.5623558] [0, 0, 0, 0, 0, 0, 0, 70, 20, 20, 20, 20]
[1721453956.579485] [0, 0, 0, 0, 0, 0, 0, 70, 20, 20, 20, 20]
[1721453956.5955005] [0, 0, 0, 0, 0, 0, 0, 70, 20, 20, 20, 20]
[1721453956.6124768] [0, 0, 0, 0, 0, 0, 0, 70, 20, 20, 20, 20]
[1721453956.6283052] [0, 0, 0, 0, 0, 0, 0, 70, 20, 20, 20, 20]
[1721453956.6454701] [0, 0, 0, 0, 0, 0, 0, 70, 20, 20, 20, 20]
[1721453956.6623137] [0, 0, 0, 0, 0, 0, 0, 70, 20, 20, 20, 20]
[1721453956.6793635] [0, 0, 0, 0, 0, 0, 0, 70, 20, 20, 20, 20]
[1721453956.6954746] [0, 0, 0, 0, 0, 0, 0, 70, 20, 20, 20, 20]
[1721453956.7123528] [0, 0, 0, 0, 0, 0, 0, 70, 20, 20, 20, 20]
[1721453956.727791] [0, 0, 0, 0, 0, 0, 0, 70, 20, 20, 20, 20]
[1721453956.7452915] [0, 0, 0, 0, 0, 0, 0, 70, 20, 20, 20, 20]
[1721453956.7622876] [0, 0, 0, 0, 0, 0, 0, 70, 20, 20, 20, 20]
[1721453956.7782805] [0, 0, 0, 0, 0, 0, 0, 70, 20, 20, 20, 20]
[1721453956.795325] [0, 0, 0, 0, 0, 0, 0, 70, 20, 20, 20, 20]
[1721453956.8123105] [0, 0, 0, 0, 0, 0, 0, 70, 20, 20, 20, 20]
[1721453956.8293407] [0, 0, 0, 0, 0, 0, 0, 70, 20, 20, 20, 20]
[1721453956.8453448] [0, 0, 0, 0, 0, 0, 0, 70, 20, 20, 20, 20]
[1721453956.8623734] [0, 0, 0, 0, 0, 0, 0, 70, 20, 20, 20, 20]
[1721453956.8793106] [0, 0, 0, 0, 0, 0, 0, 70, 20, 20, 20, 20]
[1721453956.8953767] [0, 0, 0, 0, 0, 0, 0, 70, 20, 20, 20, 20]
[1721453956.9123492] [0, 0, 0, 0, 0, 0, 0, 70, 20, 20, 20, 20]
[1721453956.9293258] [0, 0, 0, 0, 0, 0, 0, 70, 20, 20, 20, 20]
[1721453956.9464002] [0, 0, 0, 0, 0, 0, 0, 70, 20, 20, 20, 20]
[1721453956.9623842] [0, 0, 0, 0, 0, 0, 0, 70, 20, 20, 20, 20]
[1721453956.978529] [0, 0, 0, 0, 0, 0, 0, 70, 20, 20, 20, 20]
[1721453956.9953814] [0, 0, 0, 0, 0, 0, 0, 70, 20, 20, 20, 20]
[1721453957.0124707] [0, 0, 0, 0, 0, 0, 0, 70, 20, 20, 20, 20]
[1721453957.0297494] [0, 0, 0, 0, 0, 0, 0, 70, 20, 20, 20, 20]
[1721453957.045541] [0, 0, 0, 0, 0, 0, 0, 70, 20, 20, 20, 20]
[1721453957.0623856] [0, 0, 0, 0, 0, 0, 0, 70, 20, 20, 20, 20]
[1721453957.0793974] [0, 0, 0, 0, 0, 0, 0, 70, 20, 20, 20, 20]
[1721453957.0956125] [0, 0, 0, 0, 0, 0, 0, 70, 20, 20, 20, 20]
[1721453957.1127892] [0, 0, 0, 0, 0, 0, 0, 70, 20, 20, 20, 20]
[1721453957.1283867] [0, 0, 0, 0, 0, 0, 0, 70, 20, 20, 20, 20]
[1721453957.1454177] [0, 0, 0, 0, 0, 0, 0, 70, 20, 20, 20, 20]
[1721453957.162623] [0, 0, 0, 0, 0, 0, 0, 70, 20, 20, 20, 20]
[1721453957.1785533] [0, 0, 0, 0, 0, 0, 0, 70, 20, 20, 20, 20]
[1721453957.1944022] [0, 0, 0, 0, 0, 0, 0, 70, 20, 20, 20, 20]
[1721453957.2125275] [0, 0, 0, 0, 0, 0, 0, 70, 20, 20, 20, 20]
[1721453957.2283916] [0, 0, 0, 0, 0, 0, 0, 70, 20, 20, 20, 20]
[1721453957.245794] [0, 0, 0, 0, 0, 0, 0, 70, 20, 20, 20, 20]
[1721453957.2625334] [0, 0, 0, 0, 0, 0, 0, 70, 20, 20, 20, 20]
[1721453957.2785566] [0, 0, 0, 0, 0, 0, 0, 70, 20, 20, 20, 20]
[1721453957.2955635] [0, 0, 0, 0, 0, 0, 0, 70, 20, 20, 20, 20]
[1721453957.3125482] [0, 0, 0, 0, 0, 0, 0, 70, 20, 20, 20, 20]
[1721453957.3287606] [0, 0, 0, 0, 0, 0, 0, 70, 20, 20, 20, 20]
[1721453957.3458054] [0, 0, 0, 0, 0, 0, 0, 70, 20, 20, 20, 20]
[1721453957.3625784] [0, 0, 0, 0, 0, 0, 0, 70, 20, 20, 20, 20]
[1721453957.378537] [0, 0, 0, 0, 0, 0, 0, 70, 20, 20, 20, 20]
[1721453957.3955815] [0, 0, 0, 0, 0, 0, 0, 70, 20, 20, 20, 20]
[1721453957.4125826] [0, 0, 0, 0, 0, 0, 0, 70, 20, 20, 20, 20]
[1721453957.4283297] [0, 0, 0, 0, 0, 0, 0, 70, 20, 20, 20, 20]
[1721453957.4455225] [0, 0, 0, 0, 0, 0, 0, 70, 20, 20, 20, 20]
[1721453957.4625728] [0, 0, 0, 0, 0, 0, 0, 70, 20, 20, 20, 20]
[1721453957.4785495] [0, 0, 0, 0, 0, 0, 0, 70, 20, 20, 20, 20]
[1721453957.495534] [0, 0, 0, 0, 0, 0, 0, 70, 20, 20, 20, 20]
[1721453957.5125468] [0, 0, 0, 0, 0, 0, 0, 70, 20, 20, 20, 20]
[1721453957.5285633] [0, 0, 0, 0, 0, 0, 0, 70, 20, 20, 20, 20]
[1721453957.54554] [0, 0, 0, 0, 0, 0, 0, 70, 20, 20, 20, 20]
[1721453957.5625396] [0, 0, 0, 0, 0, 0, 0, 70, 20, 20, 20, 20]
[1721453957.578562] [0, 0, 0, 0, 0, 0, 0, 70, 20, 20, 20, 20]
[1721453957.5955038] [0, 0, 0, 0, 0, 0, 0, 70, 20, 20, 20, 20]
[1721453957.6113648] [0, 0, 0, 0, 0, 0, 0, 70, 20, 20, 20, 20]
[1721453957.6294265] [0, 0, 0, 0, 0, 0, 0, 70, 20, 20, 20, 20]
[1721453957.6453824] [0, 0, 0, 0, 0, 0, 0, 70, 20, 20, 20, 20]
[1721453957.6627774] [0, 0, 0, 0, 0, 0, 0, 70, 20, 20, 20, 20]
[1721453957.6781838] [0, 0, 0, 0, 0, 0, 0, 70, 20, 20, 20, 20]
[1721453957.695506] [0, 0, 0, 0, 0, 0, 0, 70, 20, 20, 20, 20]
[1721453957.712456] [0, 0, 0, 0, 0, 0, 0, 70, 20, 20, 20, 20]
[1721453957.7283883] [0, 0, 0, 0, 0, 0, 0, 70, 20, 20, 20, 20]
[1721453957.745402] [0, 0, 0, 0, 0, 0, 0, 70, 20, 20, 20, 20]
[1721453957.7623675] [0, 0, 0, 0, 0, 0, 0, 70, 20, 20, 20, 20]
[1721453957.7793722] [0, 0, 0, 0, 0, 0, 0, 70, 20, 20, 20, 20]
[1721453957.7953722] [0, 0, 0, 0, 0, 0, 0, 70, 20, 20, 20, 20]
[1721453957.8124025] [0, 0, 0, 0, 0, 0, 0, 70, 20, 20, 20, 20]
[1721453957.8284569] [0, 0, 0, 0, 0, 0, 0, 70, 20, 20, 20, 20]
[1721453957.8454037] [0, 0, 0, 0, 0, 0, 0, 70, 20, 20, 20, 20]
[1721453957.8624077] [0, 0, 0, 0, 0, 0, 0, 70, 20, 20, 20, 20]
[1721453957.8786306] [0, 0, 0, 0, 0, 0, 0, 70, 20, 20, 20, 20]
[1721453957.8955753] [0, 0, 0, 0, 0, 0, 0, 70, 20, 20, 20, 20]
[1721453957.9125571] [0, 0, 0, 0, 0, 0, 0, 70, 20, 20, 20, 20]
[1721453957.928608] [0, 0, 0, 0, 0, 0, 0, 70, 20, 20, 20, 20]
[1721453957.9455862] [0, 0, 0, 0, 0, 0, 0, 70, 20, 20, 20, 20]
[1721453957.962558] [0, 0, 0, 0, 0, 0, 0, 70, 20, 20, 20, 20]
[1721453957.9798505] [0, 0, 0, 0, 0, 0, 0, 70, 20, 20, 20, 20]
[1721453957.995612] [0, 0, 0, 0, 0, 0, 0, 70, 20, 20, 20, 20]
[1721453958.0125976] [0, 0, 0, 0, 0, 0, 0, 70, 20, 20, 20, 20]
[1721453958.028919] [0, 0, 0, 0, 0, 0, 0, 70, 20, 20, 20, 20]
[1721453958.0456073] [0, 0, 0, 0, 0, 0, 0, 70, 20, 20, 20, 20]
[1721453958.0626078] [0, 0, 0, 0, 0, 0, 0, 70, 20, 20, 20, 20]
[1721453958.0785215] [0, 0, 0, 0, 0, 0, 0, 70, 20, 20, 20, 20]
[1721453958.0955946] [0, 0, 0, 0, 0, 0, 0, 70, 20, 20, 20, 20]
[1721453958.1128225] [0, 0, 0, 0, 0, 0, 0, 70, 20, 20, 20, 20]
[1721453958.12841] [0, 0, 0, 0, 0, 0, 0, 70, 20, 20, 20, 20]
[1721453958.145754] [0, 0, 0, 0, 0, 0, 0, 70, 20, 20, 20, 20]
[1721453958.16258] [0, 0, 0, 0, 0, 0, 0, 70, 20, 20, 20, 20]
[1721453958.1785698] [0, 0, 0, 0, 0, 0, 0, 70, 20, 20, 20, 20]
[1721453958.1955752] [0, 0, 0, 0, 0, 0, 0, 70, 20, 20, 20, 20]
[1721453958.2125945] [0, 0, 0, 0, 0, 0, 0, 70, 20, 20, 20, 20]
[1721453958.2284508] [0, 0, 0, 0, 0, 0, 0, 70, 20, 20, 20, 20]
[1721453958.2454858] [0, 0, 0, 0, 0, 0, 0, 70, 20, 20, 20, 20]
[1721453958.2625544] [0, 0, 0, 0, 0, 0, 0, 70, 20, 20, 20, 20]
[1721453958.2785406] [0, 0, 0, 0, 0, 0, 0, 70, 20, 20, 20, 20]
[1721453958.2955668] [0, 0, 0, 0, 0, 0, 0, 70, 20, 20, 20, 20]
[1721453958.3125787] [0, 0, 0, 0, 0, 0, 0, 70, 20, 20, 20, 20]
[1721453958.3294342] [0, 0, 0, 0, 0, 0, 0, 70, 20, 20, 20, 20]
[1721453958.345443] [0, 0, 0, 0, 0, 0, 0, 70, 20, 20, 20, 20]
[1721453958.362591] [0, 0, 0, 0, 0, 0, 0, 70, 20, 20, 20, 20]
[1721453958.3785822] [0, 0, 0, 0, 0, 0, 0, 70, 20, 20, 20, 20]
[1721453958.3955696] [0, 0, 0, 0, 0, 0, 0, 70, 20, 20, 20, 20]
[1721453958.4125762] [0, 0, 0, 0, 0, 0, 0, 70, 20, 20, 20, 20]
[1721453958.4285712] [0, 0, 0, 0, 0, 0, 0, 70, 20, 20, 20, 20]
[1721453958.4456267] [0, 0, 0, 0, 0, 0, 0, 70, 20, 20, 20, 20]
[1721453958.4625514] [0, 0, 0, 0, 0, 0, 0, 70, 20, 20, 20, 20]
[1721453958.4785702] [0, 0, 0, 0, 0, 0, 0, 70, 20, 20, 20, 20]
[1721453958.4956443] [0, 0, 0, 0, 0, 0, 0, 70, 20, 20, 20, 20]
[1721453958.5125785] [0, 0, 0, 0, 0, 0, 0, 70, 20, 20, 20, 20]
[1721453958.5286403] [0, 0, 0, 0, 0, 0, 0, 70, 20, 20, 20, 20]
[1721453958.5455909] [0, 0, 0, 0, 0, 0, 0, 70, 20, 20, 20, 20]
[1721453958.562573] [0, 0, 0, 0, 0, 0, 0, 70, 20, 20, 20, 20]
[1721453958.5783503] [0, 0, 0, 0, 0, 0, 0, 70, 20, 20, 20, 20]
[1721453958.595853] [0, 0, 0, 0, 0, 0, 0, 70, 20, 20, 20, 20]
[1721453958.6124773] [0, 0, 0, 0, 0, 0, 0, 70, 20, 20, 20, 20]
[1721453958.6285913] [0, 0, 0, 0, 0, 0, 0, 70, 20, 20, 20, 20]
[1721453958.6458244] [0, 0, 0, 0, 0, 0, 0, 70, 20, 20, 20, 20]
[1721453958.6626277] [0, 0, 0, 0, 0, 0, 0, 70, 20, 20, 20, 20]
[1721453958.678441] [0, 0, 0, 0, 0, 0, 0, 70, 20, 20, 20, 20]
[1721453958.6955812] [0, 0, 0, 0, 0, 0, 0, 70, 20, 20, 20, 20]
[1721453958.7126024] [0, 0, 0, 0, 0, 0, 0, 70, 20, 20, 20, 20]
[1721453958.7286265] [0, 0, 0, 0, 0, 0, 0, 70, 20, 20, 20, 20]
[1721453958.7455678] [0, 0, 0, 0, 0, 0, 0, 70, 20, 20, 20, 20]
[1721453958.762577] [0, 0, 0, 0, 0, 0, 0, 70, 20, 20, 20, 20]
[1721453958.778571] [0, 0, 0, 0, 0, 0, 0, 70, 20, 20, 20, 20]
[1721453958.795606] [0, 0, 0, 0, 0, 0, 0, 70, 20, 20, 20, 20]
[1721453958.8126397] [0, 0, 0, 0, 0, 0, 0, 70, 20, 20, 20, 20]
[1721453958.8286085] [0, 0, 0, 0, 0, 0, 0, 70, 20, 20, 20, 20]
[1721453958.8455813] [0, 0, 0, 0, 0, 0, 0, 70, 20, 20, 20, 20]
[1721453958.8625932] [0, 0, 0, 0, 0, 0, 0, 70, 20, 20, 20, 20]
[1721453958.8786411] [0, 0, 0, 0, 0, 0, 0, 70, 20, 20, 20, 20]
[1721453958.895623] [0, 0, 0, 0, 0, 0, 0, 70, 20, 20, 20, 20]
[1721453958.9128535] [0, 0, 0, 0, 0, 0, 0, 70, 20, 20, 20, 20]
[1721453958.9288769] [0, 0, 0, 0, 0, 0, 0, 70, 20, 20, 20, 20]
[1721453958.945587] [0, 0, 0, 0, 0, 0, 0, 70, 20, 20, 20, 20]
[1721453958.962795] [0, 0, 0, 0, 0, 0, 0, 70, 20, 20, 20, 20]
[1721453958.9784894] [0, 0, 0, 0, 0, 0, 0, 70, 20, 20, 20, 20]
[1721453958.9958606] [0, 0, 0, 0, 0, 0, 0, 70, 20, 20, 20, 20]
[1721453959.0126388] [0, 0, 0, 0, 0, 0, 0, 70, 20, 20, 20, 20]
[1721453959.0286155] [0, 0, 0, 0, 0, 0, 0, 70, 20, 20, 20, 20]
[1721453959.0455823] [0, 0, 0, 0, 0, 0, 0, 70, 20, 20, 20, 20]
